20201104131441
20201104143540
20201104193111
20201104224847
20201105023715
20201105070710
20201105082026
20201105085638
20201105104103
20201105141856
20201105150516
20201105172540
20201105210507
20201106001305
20201106011904
20201106021007
20201106102013
20201106162538
20201106190633
20201106222655
20201107114343
20201107170126
20201108115714
20201109043524
20201109052058
20201110031052
20201110055224
20201111053322
20201111205207
20201111232123
20201113121341
20201113154035
20201113182504
20201114004404
20201114200615
20201115191341
20201116183602
20201116231332
20201117172246
20201117182033
20201118045202
20201118175346
20201118211859
20201119175035
20201121165401
20201124002302
20201203001551
20201203052232
20201203194127
20201204191128
20201205183043
20201206214714
20201207215025
20201214201537
20201215134439
20201215191316
20201219102134